0 1.6689300537109375e-06
1 2.86102294921875e-06
2 1.6689300537109375e-06
3 7.152557373046875e-07
4 4.76837158203125e-07
5 7.152557373046875e-07
6 4.76837158203125e-07
8 7.152557373046875e-07
10 7.152557373046875e-07
13 7.152557373046875e-07
16 1.430511474609375e-06
20 1.1920928955078125e-06
25 1.430511474609375e-06
32 1.430511474609375e-06
40 2.86102294921875e-06
50 4.0531158447265625e-06
63 4.5299530029296875e-06
83 4.76837158203125e-06
130 1.0251998901367188e-05
200 1.6450881958007812e-05
500 3.8623809814453125e-05
1000 5.555152893066406e-05
5000 0.0006320476531982422
15000 0.00429081916809082
50000 0.024843454360961914
500000 1.796675205230713
1000000 7.103663444519043
