0 5.245208740234375e-06
1 2.384185791015625e-06
2 2.1457672119140625e-06
3 1.430511474609375e-06
4 2.384185791015625e-06
5 1.9073486328125e-06
6 2.1457672119140625e-06
8 3.814697265625e-06
10 3.814697265625e-06
13 3.337860107421875e-06
16 6.67572021484375e-06
20 6.4373016357421875e-06
25 6.198883056640625e-06
32 1.2636184692382812e-05
40 3.1948089599609375e-05
50 1.3113021850585938e-05
63 1.3113021850585938e-05
83 2.6226043701171875e-05
130 4.863739013671875e-05
200 8.177757263183594e-05
500 0.00012946128845214844
1000 0.0003311634063720703
5000 0.002519845962524414
15000 0.004788637161254883
50000 0.01447296142578125
500000 0.10396504402160645
1000000 0.2065739631652832
10000000 3.2109081745147705
50000000 13.039909839630127
100000000 26.141541719436646
