0 1.430511474609375e-06
1 1.6689300537109375e-06
2 4.5299530029296875e-06
3 2.384185791015625e-06
4 2.6226043701171875e-06
5 3.0994415283203125e-06
6 3.0994415283203125e-06
8 3.337860107421875e-06
10 4.0531158447265625e-06
13 4.76837158203125e-06
16 4.5299530029296875e-06
20 5.245208740234375e-06
25 5.9604644775390625e-06
32 5.4836273193359375e-06
40 5.9604644775390625e-06
50 7.152557373046875e-06
63 9.298324584960938e-06
83 8.344650268554688e-06
130 8.106231689453125e-06
200 9.059906005859375e-06
500 1.3589859008789062e-05
1000 1.8835067749023438e-05
5000 4.38690185546875e-05
15000 0.0001983642578125
50000 0.0012557506561279297
500000 0.04922294616699219
1000000 0.13846659660339355
10000000 5.586149454116821
