100 1.280800031963736E-4
900 0.0022085399832576513
1700 0.0012846799800172448
2500 0.0026233199518173934
3300 0.004073080141097307
4100 0.006201860029250383
4900 0.00880442000925541
5700 0.012592819891870022
6500 0.015352139808237552
7300 0.018928780034184457
8100 0.02283097952604294
8900 0.027516920119524002
9700 0.032145820558071136
10500 0.038146660476922986
11300 0.04178423956036568
12100 0.05041499957442284
12900 0.05533315986394882
13700 0.0566279798746109
14500 0.06369617879390717
15300 0.07262411415576935
16100 0.07736780047416687
16900 0.08919952511787414
17700 0.09295966178178787
18500 0.10283389985561371
19300 0.11135520190000534
20100 0.12090697884559631
20900 0.13245385885238647
21700 0.14507402181625367
22500 0.14872698187828065
23300 0.15899421870708466
24100 0.17319679856300355
24900 0.19219911992549896
25700 0.20505675971508025
26500 0.21988695561885835
27300 0.21973588466644287
28100 0.2353595018386841
28900 0.2459128201007843
29700 0.25809123516082766
30500 0.27982664108276367
31300 0.2872376680374146
32100 0.30142733454704285
32900 0.3276839733123779
33700 0.33150991797447205
34500 0.35013601183891296
35300 0.36650152802467345
36100 0.3796723783016205
36900 0.40453534126281737
37700 0.4194180428981781
38500 0.43452640175819396
39300 0.4728467047214508
40100 0.4859593749046326
40900 0.4983829379081726
41700 0.5194417119026185
42500 0.5516313076019287
43300 0.5492075204849243
44100 0.5944802641868592
44900 0.5927412986755372
45700 0.6227037310600281
46500 0.637107515335083
47300 0.660915470123291
48100 0.6842457413673401
48900 0.7051548719406128
49700 0.7237554073333741
