100 1.1572000075830147E-4
900 5.407400080002844E-4
1700 0.0011656800284981727
2500 0.0023993000388145445
3300 0.0038527599535882473
4100 0.005936839990317822
4900 0.008472099900245667
5700 0.011544719897210598
6500 0.014891180023550988
7300 0.018798480182886122
8100 0.022271959856152535
8900 0.026873500272631645
9700 0.03026780001819134
10500 0.03740347996354103
11300 0.03909230008721352
12100 0.04898068010807037
12900 0.054868840426206586
13700 0.05562377944588661
14500 0.061825259029865264
15300 0.0686541587114334
16100 0.0765635386109352
16900 0.08366990089416504
17700 0.09319949895143509
18500 0.11200231909751893
19300 0.1108973816037178
20100 0.12060129791498184
20900 0.1287614196538925
21700 0.13792220056056975
22500 0.1478356182575226
23300 0.1606796830892563
24100 0.16950803995132446
24900 0.19527119994163514
25700 0.19593380093574525
26500 0.2148503005504608
27300 0.22141281962394715
28100 0.2339060574769974
28900 0.24661725461483003
29700 0.2621771812438965
30500 0.27502778768539426
31300 0.28524593710899354
32100 0.30054316520690916
32900 0.3306399166584015
33700 0.34672784209251406
34500 0.35233151316642763
35300 0.363851261138916
36100 0.38179360032081605
36900 0.3996320843696594
37700 0.41096946597099304
38500 0.4314709722995758
39300 0.45702855587005614
40100 0.4719835162162781
40900 0.5038942813873291
41700 0.511542797088623
42500 0.5457549095153809
43300 0.5465362548828125
44100 0.575763738155365
44900 0.5935492038726806
45700 0.6162504434585572
46500 0.6519283890724182
47300 0.6621969819068909
48100 0.6861876010894775
48900 0.7041294932365417
49700 0.7216598272323609
