100 1.1836000048788264E-4
900 5.39740000385791E-4
1700 0.001147360005415976
2500 0.0023743800353258847
3300 0.003860920015722513
4100 0.005938979890197515
4900 0.00869424007833004
5700 0.011465640179812909
6500 0.015084319934248924
7300 0.018284299597144126
8100 0.022273939475417136
8900 0.026905200257897378
9700 0.030358139798045157
10500 0.03741837963461876
11300 0.03909868001937866
12100 0.044394460320472715
12900 0.054214940220117566
13700 0.05630015954375267
14500 0.06840534061193466
15300 0.06950092166662217
16100 0.08793430030345917
16900 0.08440766036510468
17700 0.09293217957019806
18500 0.10333434045314789
19300 0.11125666201114655
20100 0.11952407956123352
20900 0.12852148115634918
21700 0.13971157968044282
22500 0.14872179925441742
23300 0.16188619732856752
24100 0.17891579866409302
24900 0.18397387862205505
25700 0.20254582166671753
26500 0.20832349956035615
27300 0.22020597755908966
28100 0.24456127882003784
28900 0.2431274801492691
29700 0.2629606604576111
30500 0.28215734362602235
31300 0.2885335683822632
32100 0.297847193479538
32900 0.31849738359451296
33700 0.34308273792266847
34500 0.3533316433429718
35300 0.36761298179626467
36100 0.3903652846813202
36900 0.40093365907669065
37700 0.4119215428829193
38500 0.4304400861263275
39300 0.5009850859642029
40100 0.47867652773857117
40900 0.4939368784427643
41700 0.5088303685188293
42500 0.5296682238578796
43300 0.5503359198570251
44100 0.571627163887024
44900 0.6054889917373657
45700 0.6105299711227417
46500 0.6339043021202088
47300 0.6585161566734314
48100 0.6956035733222962
48900 0.6977737665176391
49700 0.7556190967559815
