1 0.005211448669433594
5 0.0019989013671875
9 0.002002048492431641
13 0.001996612548828125
17 0.0019989013671875
21 0.001999235153198242
25 0.0
29 0.0039959907531738285
33 0.0
37 0.0019989490509033205
41 0.003998804092407227
45 0.0019989013671875
49 0.001999664306640625
53 0.002088594436645508
57 0.003093099594116211
61 0.001998758316040039
65 0.0019989013671875
69 0.0019989490509033205
73 0.0019989967346191405
77 0.003997898101806641
81 0.0019989490509033205
85 0.003997898101806641
89 0.0039978504180908205
93 0.0019989013671875
97 0.003997993469238281
101 0.0039977550506591795
105 0.003997802734375
109 0.0019989490509033205
113 0.0039980411529541016
117 0.0019989013671875
121 0.0019989490509033205
125 0.0019989490509033205
129 0.008002948760986329
133 0.0039958953857421875
137 0.005695438385009766
141 0.005406093597412109
145 0.003997802734375
149 0.005997943878173828
153 0.003999185562133789
157 0.005996417999267578
161 0.0039981365203857425
165 0.004004240036010742
169 0.003991413116455078
173 0.007995796203613282
177 0.003991270065307617
181 0.005996131896972656
185 0.0039977550506591795
189 0.005998563766479492
193 0.006056785583496094
197 0.0034558773040771484
201 0.005996227264404297
205 0.004000043869018555
209 0.0039981365203857425
213 0.003998088836669922
217 0.003997278213500976
221 0.003997516632080078
225 0.003997802734375
229 0.003997182846069336
233 0.003997802734375
237 0.0019992828369140626
241 0.003996658325195313
245 0.0019967079162597655
249 0.003997898101806641
253 0.0036057949066162108
257 0.008003664016723634
261 0.007994794845581054
265 0.007995700836181641
269 0.007997751235961914
273 0.007994985580444336
277 0.007995414733886718
281 0.0099945068359375
285 0.009995126724243164
289 0.009696197509765626
293 0.008002710342407227
297 0.007996463775634765
301 0.005996608734130859
305 0.0059967041015625
309 0.00799555778503418
313 0.007996034622192384
317 0.005997705459594727
321 0.007994842529296876
325 0.007997798919677734
329 0.008602762222290039
333 0.00799574851989746
337 0.007997512817382812
341 0.007995700836181641
345 0.007995700836181641
349 0.00799565315246582
353 0.005995702743530273
357 0.007995796203613282
361 0.005996894836425781
365 0.007285928726196289
369 0.006209421157836914
373 0.007996129989624023
377 0.007996082305908203
381 0.007995080947875977
385 0.007994842529296876
389 0.007996749877929688
393 0.007995796203613282
397 0.009995269775390624
401 0.009994697570800782
405 0.01063365936279297
409 0.00799713134765625
413 0.007995271682739257
417 0.007994651794433594
421 0.00999455451965332
