1 0.0
5 0.0
9 0.0
13 0.0
17 0.0
21 0.0
25 0.009992837905883789
29 0.0
33 0.0
37 0.0
41 0.0
45 0.0
49 0.0
53 0.0
57 0.0
61 0.0
65 0.0
69 0.0
73 0.0
77 0.0
81 0.0
85 0.0099945068359375
89 0.0
93 0.0
97 0.0
101 0.0
105 0.0
109 0.0
113 0.0
117 0.0
121 0.0
125 0.0
129 0.009994745254516602
133 0.0
137 0.0
141 0.0
145 0.0
149 0.0
153 0.0
157 0.009990930557250977
161 0.0
165 0.0
169 0.0
173 0.0
177 0.0
181 0.0
185 0.0
189 0.0
193 0.0
197 0.0
201 0.0
205 0.0
209 0.00998830795288086
213 0.0
217 0.0
221 0.0
225 0.0
229 0.0
233 0.0
237 0.0
241 0.0
245 0.0
249 0.0
253 0.0
257 0.0
261 0.0
265 0.0
269 0.0
273 0.0
277 0.0
281 0.0
285 0.0
289 0.0
293 0.0
297 0.0
301 0.0
305 0.0
309 0.0
313 0.0
317 0.0
321 0.0
325 0.0
329 0.0
333 0.0
337 0.0
341 0.0
345 0.0
349 0.0
353 0.0
357 0.0
361 0.0
365 0.0
369 0.0
373 0.0
377 0.0
381 0.0
385 0.0
389 0.0
393 0.0
397 0.0
401 0.0
405 0.0
409 0.0
413 0.0
417 0.0
421 0.0
