1 0.0
5 0.0
9 0.009984731674194336
13 0.0
17 0.0099945068359375
21 0.0
25 0.0
29 0.0
33 0.0
37 0.009993791580200195
41 0.0
45 0.0
49 0.0
53 0.009987592697143555
57 0.008023262023925781
61 0.0
65 0.0
69 0.0099945068359375
73 0.0
77 0.0
81 0.0099945068359375
85 0.0
89 0.0
93 0.009994745254516602
97 0.009994745254516602
101 0.009994983673095703
105 0.0099945068359375
109 0.0
113 0.0
117 0.009993553161621094
121 0.0
125 0.0099945068359375
129 0.0
133 0.010001182556152344
137 0.009999752044677734
141 0.007995128631591797
145 0.00999140739440918
149 0.010003089904785156
153 0.009984970092773438
157 0.0
161 0.009996414184570312
165 0.009990692138671875
169 0.0
173 0.01002645492553711
177 0.009993791580200195
181 0.010026693344116211
185 0.009994268417358398
189 0.0099945068359375
193 0.009998083114624023
197 0.00799560546875
201 0.010026216506958008
205 0.009996652603149414
209 0.0
213 0.009996414184570312
217 0.0
221 0.009994268417358398
225 0.0
229 0.009994745254516602
233 0.0
237 0.009999275207519531
241 0.0
245 0.009993314743041992
249 0.0
253 0.009994983673095703
257 0.01825118064880371
261 0.019987106323242188
265 0.00998830795288086
269 0.019994735717773438
273 0.01998591423034668
277 0.01999211311340332
281 0.009994745254516602
285 0.0099945068359375
289 0.009992122650146484
293 0.014984846115112305
297 0.019983530044555664
301 0.009996414184570312
305 0.00999307632446289
309 0.01998591423034668
313 0.00999903678894043
317 0.019988059997558594
321 0.019984722137451172
325 0.019989967346191406
329 0.02045750617980957
333 0.009994745254516602
337 0.019985198974609375
341 0.009996414184570312
345 0.019987106323242188
349 0.009995222091674805
353 0.00999760627746582
357 0.019990921020507812
361 0.009995222091674805
365 0.009995460510253906
369 0.00799250602722168
373 0.019989728927612305
377 0.009992361068725586
381 0.009992361068725586
385 0.019989013671875
389 0.019994020462036133
393 0.009990692138671875
397 0.009995698928833008
401 0.00998997688293457
405 0.010346651077270508
409 0.019987821578979492
413 0.019989728927612305
417 0.019995689392089844
421 0.009992361068725586
